75.20704421460182
61.62631628637117
76.26361446679083
82.97184742391242
76.39323746497206
78.35009965258291
79.18085012947219
58.172805721810356
82.60574846615783
68.73679686334042
71.55026117609545
74.82761331435579
75.50995028922347
65.75163683521527
59.462885387992344
74.38510177008972
66.40011231761274
72.66670918625256
67.1310657745282
75.59410520862512
58.89091355990349
87.84309108740219
78.67532428025098
64.33716598359656
83.35733006619023
71.40427069864269
64.85016068727249
65.98328100219736
66.5354756262989
92.9628603080212
63.044523349528006
57.15830023051182
55.251976809498004
98.08937368944738
84.03899721071137
57.77830335461253
80.48650007736647
79.98508211259242
93.82372949381624
77.9572395691876
79.73246138026735
55.77268733246633
95.49474485618296
88.59067999734397
69.51488811371517
77.58437511206839
80.03637477862175
71.65227291858629
76.77694813306866
60.614851907634296
91.38703347928046
55.26437173181377
84.69209237515125
78.03627645618559
92.41393798017636
77.63915659447174
90.23562216532389
79.66927334779038
66.46098258413916
79.36597353530883
75.35051510165574
81.5293865977689
75.27123792906761
74.01891669031062
64.22080904568172
74.8719281913921
77.11366697424113
78.71413687526181
72.16596593863378
81.15993730611046
90.88027721270502
64.08523884540101
83.54547991998251
75.54656335387277
89.8040332815361
78.01029636716662
76.75344097972429
63.32811631775332
73.13703772391867
80.45177981303515
76.72875081539256
72.86036717529612
78.68076359528894
79.97750381889837
77.57410735962524
69.16678789443932
87.04975465655967
76.16981546746985
71.70575120010065
72.61337203811865
64.1364479870582
75.7031228527604
80.00124170110708
64.40644071253476
81.14875554085398
86.22868242265187
77.14195735193964
79.94386535260871
77.88590325089983
80.61942558975167
